-71.498591975  3.9442151476  4966.0  2.99  2.391044  77.993999  -170.317863  270.358483  80.531623  -12.174346
-71.3853468283  3.84537811607  3331.0  3.06  7.981914  77.554732  175.115402  99.037017  85.230448  12.48921
-71.3677250036  3.83758909758  2325.0  3.11  8.752212  83.149453  -173.769223  278.006104  83.813881  -6.890864
-71.3991796096  3.87975501731  3817.0  3.08  12.231437  32.960562  118.211741  159.637866  61.351774  72.957974
-71.490634547  3.94865927739  4057.0  3.13  21.505994  56.401449  -144.614092  270.048431  61.161873  -39.176517
-71.4978817698  3.94644009133  4980.0  3.41  22.771758  69.139205  -164.343069  287.072167  75.393102  -21.591871
-71.4924165379  3.94698542667  4174.0  3.1  23.040571  62.000111  -149.277845  277.45166  63.187219  -31.737295
-71.3888732769  3.88709287732  4013.0  3.14  24.492172  81.43729  177.494796  114.865409  87.522738  8.57078
-71.3825734476  3.84423063417  1900.0  3.04  25.487289  48.312371  145.193056  140.300969  64.768744  47.32516
-71.5012058747  3.94956728299  4814.0  3.03  25.61154  64.351854  -170.726857  291.569025  81.647443  -25.943449
-71.5048324139  3.9453965906  4798.0  3.16  26.846875  63.144081  176.708268  118.335213  87.063627  26.894068
-71.4908678856  3.9471037599  4249.0  3.11  27.533087  49.494121  -151.979706  278.465159  69.071941  -44.059258
-71.5008634147  3.94897061893  4882.0  3.35  29.285171  62.412118  -172.364699  295.732676  83.23714  -27.797851
-71.3844546751  3.84302721765  2541.0  3.22  29.369053  66.820684  -155.328731  289.120613  67.43589  -25.229068
-71.500526031  3.94060599853  5400.0  3.01  30.296787  71.178191  -162.197219  294.381979  73.178413  -19.697131
-71.5006430471  3.94053359473  5397.0  2.96  31.471465  73.09112  -162.614879  296.268229  73.388799  -17.668981
-71.289822175  3.84226028271  1342.0  2.63  36.942093  25.689484  170.978291  135.084664  86.102281  64.588051
-71.5040824232  3.9401972429  5195.0  2.95  38.514575  61.904512  -154.058399  295.610792  67.299948  -30.696194
-71.5038109995  3.93763820861  5490.0  2.92  38.727532  57.769383  -164.209818  300.150934  76.692058  -33.232998
-71.504544135  3.94510736266  4881.0  3.04  39.403568  68.892441  162.49428  135.88373  73.702844  22.036399
-71.5046217112  3.9383250614  5392.0  2.98  41.323436  60.668321  177.561171  132.51868  87.873986  29.353857
-71.3053254982  3.84163229288  2469.0  3.16  42.570699  41.026298  174.0707  137.050697  86.111935  49.125843
-71.5041544325  3.94015199082  5242.0  3  44.881153  61.877437  -172.458288  311.310255  83.352942  -28.329998
-71.5029925756  3.93949244681  5351.0  3.1  45.346777  69.452438  179.070885  135.672907  89.129999  20.550038
-71.5051977932  3.93798113039  5397.0  3.43  45.562104  75.091361  -170.263504  313.03436  80.594291  -15.116618
-71.4993466869  3.94097736255  5339.0  3.31  45.811051  61.566329  172.020584  139.629471  82.988322  28.667692
-71.313697582  3.8384739309  2927.0  3.4  46.67654  50.854865  172.738936  141.275153  84.374715  39.371183
-71.5033256651  3.93937471685  5235.0  3.11  47.505557  59.450867  -168.861378  311.790661  80.423269  -31.028252
-71.5040116901  3.94274740971  4985.0  2.96  47.559155  69.863045  164.636659  142.962659  75.596792  20.820228
-71.5007332384  3.94083196841  5319.0  2.94  49.706563  67.116743  -174.724166  317.650095  85.14042  -22.970529
-71.4995268273  3.94109483025  5347.0  3.31  49.8518  63.994568  172.964306  142.949223  83.679722  26.176485
-71.4988878624  3.94173720944  5484.0  2.95  50.041939  65.6318  -159.132464  311.103211  71.06623  -25.861666
-71.4994005062  3.94057039923  5484.0  3.06  51.102161  65.67949  -160.238614  312.685837  72.055293  -25.651696
-71.3025979053  3.84304376028  2279.0  3.41  51.73282  48.697754  171.80141  147.165048  83.8501  41.594281
-71.5041734821  3.94219570258  4964.0  3.18  52.745512  74.753184  164.438387  146.934078  74.999248  15.79852
-71.5731791947  3.90974748481  4418.0  3.38  71.705435  42.583541  -111.863267  280.29426  51.09761  -71.107237
-71.5376351251  3.93053951228  3791.0  3.5  76.037106  46.750178  -67.860537  225.335259  47.5715  -111.831974
-71.51871077  3.93409461622  5139.0  3.17  92.223959  47.797231  -40.967917  212.478495  60.943155  -129.782554
-71.382949713  3.86423396081  4311.0  3.64  93.94586  40.137365  -3.950989  186.968386  87.454285  -130.070191
-71.3831206247  3.86380887088  4235.0  3.44  94.339334  66.237099  -2.460782  185.331424  87.747954  -156.217599
-71.3711070959  3.82858998457  4356.0  3.36  96.870297  75.019511  -11.707679  189.936521  78.69556  -164.715971
-71.3905483967  3.83919070139  3821.0  3.47  96.896886  53.953242  -43.272822  215.883164  56.34228  -135.012116
-71.3467658694  3.83784014298  1955.0  3.1  98.674849  42.143932  -21.855579  205.237226  75.534896  -130.027537
-71.3850752152  3.8662045983  3514.0  3.17  99.211753  78.693855  -9.0131  190.99293  81.163226  -168.556215
-71.3740194948  3.86744745846  2400.0  3.3  100.296403  36.641873  -9.245366  197.737655  84.49772  -126.283793
-71.3845542626  3.84457356159  3425.0  3.21  101.06069  77.46888  0.849437  10.876375  89.170799  167.467546
-71.5226461522  3.93532236604  4542.0  3.32  104.385514  26.556134  -62.490872  254.17786  66.638761  -102.999288
-71.3589801296  3.82881110271  3342.0  2.99  106.320752  82.826379  2.312047  16.031877  87.70606  172.820596
-71.3756831107  3.83579580365  3748.0  3.05  109.398345  66.949796  -13.392537  204.724266  77.694214  -156.375237
-71.3805116662  3.84405955089  2947.0  3.11  110.972117  79.03159  -4.035956  201.741256  86.037891  -169.004986
-71.373720399  3.83566988339  3501.0  3.03  113.997744  61.224949  -18.85418  213.332573  73.545391  -149.872308
-71.3747302395  3.84000120876  3203.0  3.42  115.181925  77.162584  10.867174  22.739503  79.407636  166.936137
-71.3712165871  3.83285832359  3854.0  3.12  116.063097  66.573381  -21.040823  214.758509  70.765335  -155.097203
-71.3755568423  3.83514473982  3758.0  3.16  118.116578  68.850799  -16.82328  214.342427  74.340105  -157.993821
-71.5169815784  3.93327261878  3659.0  3.03  118.163901  73.044339  5.432983  26.575113  84.80385  162.972242
-71.3698667274  3.83461316238  3463.0  3.05  118.374422  68.696396  -16.682682  214.588224  74.487121  -157.849208
-71.3791697557  3.84280302824  3185.0  3.19  118.993197  61.209796  2.721717  27.68165  87.614926  151.182493
-71.5601880318  3.91165410074  4846.0  3.32  121.133999  40.176711  -49.515637  252.965466  60.614182  -118.731489
-71.5343582862  3.93160838934  2350.0  2.94  121.159375  82.303235  1.118584  31.009544  88.891494  172.301786
-71.5100243841  3.93882867417  5235.0  2.99  124.204627  64.632562  -2.274483  215.179483  87.944924  -154.615077
-71.3587726563  3.82757225522  3914.0  3.08  126.107816  77.06968  -7.004193  217.682573  83.174269  -166.975762
-71.3206480153  3.83851719198  3413.0  3.76  126.706317  27.978539  -38.186448  251.490602  73.140044  -112.662864
-71.3131489559  3.84053593497  3623.0  3.16  129.205184  32.433646  -38.244727  252.838637  70.610075  -116.521977
-71.3653931942  3.83756275889  2966.0  3.21  130.160689  70.601363  -13.656579  224.774464  77.132426  -160.080812
-71.3803581056  3.84262174301  3571.0  3.21  133.14211  56.007465  5.607043  40.000404  85.353467  145.879971
-71.3201530803  3.8393583513  3226.0  3.15  136.214788  9.447091  -20.571715  246.530441  86.693672  -98.854541
-71.5274672075  3.92586080279  4717.0  3.79  136.78392  56.744019  25.57969  32.075564  68.834983  143.981416
-71.5106673482  3.94593614319  4682.0  3  148.394578  72.655147  -11.107325  241.744212  79.403733  -162.344433
-71.4925976176  3.94899288813  4853.0  3.9  174.984198  75.852431  -172.464452  83.132309  82.694276  -14.265806
-71.3862539396  3.83923748436  3638.0  3.57  187.364164  57.842175  156.598168  290.335797  70.351775  34.41339
-71.3896671028  3.84196727287  3155.0  2.98  194.049126  63.527255  -168.836508  99.021752  80.019753  -26.911989
-71.3869654736  3.84004206707  3541.0  3.08  200.201654  54.010958  -162.159037  99.491747  75.646851  -37.341447
-71.3879644647  3.83906504277  3707.0  3.4  201.389082  68.844128  -169.877712  107.702491  80.566398  -21.460157
-71.3661655367  3.83182912529  3539.0  2.98  206.07693  65.03208  -162.671628  108.574131  74.335016  -26.00146
-71.3748630757  3.83360764358  3835.0  3.49  206.993956  72.735085  -164.106731  112.16364  74.840472  -17.908055
-71.3794027503  3.83971018424  2942.0  3.38  211.032674  81.91797  -175.17463  120.352695  85.222668  -8.110395
-71.3684253245  3.83190974662  3705.0  3  213.213035  73.994849  -165.068534  119.007839  75.659988  -16.534388
-71.3866950911  3.83923732436  3673.0  3.53  215.522325  51.812042  -136.432362  95.06341  57.199857  -47.350235
-71.3980665078  3.84062576591  3745.0  3.24  217.94774  53.003974  -142.309311  103.012303  60.770435  -43.595394
-71.3731624111  3.83625788298  3372.0  3.06  218.127553  63.548125  -162.844777  120.298073  74.687615  -27.505978
-71.3733330092  3.83491943492  3451.0  3.77  218.891271  78.610404  176.049565  309.672591  86.127481  11.41601
-71.3685064618  3.83223527318  3706.0  3.07  219.557915  62.113174  -156.615591  118.123953  69.463278  -29.964882
-71.3656273624  3.83782493181  2704.0  3.06  220.782692  82.375803  -175.834148  130.229029  85.87104  -7.644155
-71.3992818951  3.84054391925  3700.0  3.03  220.846727  55.74393  -137.493275  103.556726  56.050141  -42.732057
-71.4125527919  3.8644397957  2983.0  3.08  223.854634  70.612818  -177.334083  132.969114  87.485349  -19.406618
-71.3661479581  3.83310421885  3145.0  3.39  224.744311  56.316444  -156.696019  121.30837  70.780273  -35.968634
-71.3899632683  3.83938986557  3871.0  3.34  225.539416  46.270686  -112.468688  76.431331  48.105668  -68.222427
-71.5466610315  3.92158193603  3623.0  3.51  251.243192  47.324049  -117.015105  108.192487  49.081924  -63.772649
-71.370382986  3.84366519821  2349.0  3.64  251.794201  63.086427  -179.753732  161.682729  89.780406  -26.913787
-71.3810963719  3.84264860949  2590.0  3.37  262.350015  35.308858  -36.554062  23.525478  69.864824  -119.637764
-71.3812945912  3.84307356729  2466.0  3.4  266.601109  36.908829  -31.624269  22.815792  71.645649  -122.600264
-71.3770366941  3.84475710488  2574.0  3.19  282.678287  65.258051  -18.465512  20.634344  73.282189  -154.087192
-71.383420185  3.84546924277  2911.0  3.46  284.875434  81.177569  -8.91014  16.252865  81.196124  -171.071529
-71.3202338354  3.83839070517  4079.0  3.3  286.874598  42.857744  5.121949  193.11535  86.518647  132.74346
-71.5009488464  3.93986425535  5641.0  3.96  288.55128  66.297956  -19.644647  26.717017  72.071633  -155.007732
-71.3196120362  3.83631998756  4030.0  3.46  289.308965  49.277246  -4.849607  22.47719  86.326473  -139.175619
-71.396213058  3.84382773576  2978.0  3.54  290.169924  75.820108  -0.001006  20.170171  89.999025  -165.820108
-71.4987159025  3.93998295044  5470.0  3.06  290.708584  65.12266  -27.210955  32.913657  65.490867  -152.462069
-71.3195311634  3.83687164619  3673.0  3.44  292.205984  38.303418  3.571338  199.402019  87.787276  128.249257
-71.4979238687  3.94062540652  5550.0  3  293.124235  69.020107  -19.996813  30.547681  71.379554  -157.801451
-71.38492232  3.84158014372  3040.0  3.21  293.597407  64.516351  3.430467  202.119998  86.903633  154.476418
-71.3224934488  3.83778416375  4109.0  3.13  293.613645  54.173623  5.588302  200.335808  85.471503  144.043984
-71.3714710828  3.83991190815  2365.0  3.04  293.713654  82.069985  0.437762  203.653258  89.566425  172.069757
-71.391683675  3.84162289129  3328.0  3  294.484079  69.417775  11.275851  200.474616  79.452437  159.047529
-71.3846336158  3.83988917742  3446.0  3.55  295.792424  66.401754  -1.53475  26.40694  88.593621  -156.394211
-71.3655553892  3.83797869009  2372.0  3.38  297.375547  81.707466  -4.191987  27.981204  85.851919  -171.685533
-71.500949258  3.94067812691  5486.0  3.7  302.878388  64.592659  -9.126844  36.821492  81.762372  -154.308601
-71.3451046654  3.8229284441  2497.0  3.2  304.221664  68.956751  0.032437  214.210016  89.969726  158.956748
-71.3597184766  3.82911832724  3276.0  3.13  305.509188  88.805492  -0.449741  35.518563  89.550356  -178.805455
-71.5440903693  3.92955023461  4277.0  3.11  319.396226  27.771168  -123.876784  176.58688  67.241834  -73.641458
-71.3456180726  3.82369695469  2380.0  4.03  321.897056  31.902722  11.229319  222.329918  84.093005  121.407968
-71.3449158192  3.82362482899  2292.0  3.01  323.274175  33.01259  7.000666  227.395092  86.192556  122.817007
-71.3558374442  3.82684071846  3311.0  2.97  327.869041  83.663499  -1.299071  58.012441  88.708867  -173.661884
-71.3311353577  3.83409201013  3688.0  3.18  329.145262  85.795576  1.6967  239.020832  88.307867  175.793738
-71.3437006984  3.82452952734  2000.0  3.15  329.909548  33.004528  -4.367874  63.574672  87.622418  -122.928446
-71.3500065179  3.83635603043  3654.0  3.23  353.072859  48.273213  170.314355  89.553759  82.78668  42.135722
-71.3559132959  3.83867821963  5032.0  3.1  355.505254  44.598961  -138.952663  233.706365  62.542985  -53.362446
