-71.4364765936 3.74095766595 083 
-71.4782292999 3.86251223341 087 
-71.3441446184 3.83300270635 310 
-71.392498785 3.87429602397 379 
-71.4333428462 3.81112194589 01 
-71.4332805924 3.80453097812 02 
-71.4345407031 3.81010795532 03 
-71.4357697514 3.81645868825 03 
-71.4374050385 3.81764505494 03 
-71.4295468308 3.73384971713 04 
-71.4437440446 3.73324558329 05 
-71.43071456 3.74669160278 06 
-71.4425334385 3.74761210195 07 
-71.3932749638 3.84543532857 08 
-71.3867864737 3.85124591572 09 
-71.3868859022 3.84042100846 10 
-71.3844158472 3.84722461882 11 
-71.3980901587 3.85373049879 12 
-71.4600241069 3.75868158816 13 
-71.4523361551 3.76407111923 14 
-71.4528508188 3.75396827163 15 
-71.4691442692 3.75398157662 16 
-71.4654995647 3.76518518183 17 
-71.4840431897 3.870044327 18 
-71.4867306246 3.85881593037 19 
-71.4767573527 3.85530318053 20 
-71.4828268566 3.86181574296 21 
-71.4688126254 3.86026720627 21 
-71.4716280639 3.8546025079 22 
-71.4728057624 3.87136461337 23 
-71.4728056407 3.87136479284 23 
-71.4011033151 3.85204847931 25 
-71.3872590875 3.83735950718 26 
-71.3468050059 3.84228723994 30 
-71.3337832479 3.83609710909 31 
-71.336676134 3.83504964439 31 
-71.3343568864 3.83551532023 31 
-71.3414623929 3.82454561601 32 
-71.3412810689 3.82475159103 32 
-71.3501839541 3.83117200377 33 
-71.3542047136 3.83008976837 33 
-71.340405686 3.8422012058 34 
-71.3352525402 3.82851520436 35 
-71.3488266054 3.82411410855 36 
-71.3526111255 3.83786037017 37 
-71.390042997 3.88313286326 38 
-71.3842753404 3.86888979115 39 
-71.3976520372 3.85037086865 40 
-71.4013221197 3.85429709751 40 
-71.4023940903 3.87430907479 41 
-71.3960364544 3.88413173767 42 
-71.383926312 3.87443642152 43 
-71.3924585063 3.86729517147 44 
-71.3927569824 3.86528137544 44 
-71.3866460582 3.88377673014 45 
-71.3882459369 3.85519022029 53 
-71.4065788452 3.87867511914 56 
-71.4077559094 3.87601247114 56 
-71.4080033375 3.87537630069 56 
-71.4067522906 3.87726516953 56 
-71.4150342357 3.8792434297 57 
-71.4052601006 3.86873975236 58 
-71.4183033142 3.87283013257 59 
-71.4786091926 3.86257344807 63 
-71.4104828934 3.86982637484 81 
