-71.46958176 3.91615133700003 
-71.4249036799999 3.89146527100007
-71.35947917 3.89321728
-71.3091888119999 3.87137448800007 
-71.309368177 3.81582422800005
-71.3250220909999 3.75494468900007
-71.3330370419999 3.72376539700002
-71.412765239 3.67297234500006
-71.4248166469999 3.67300832500007
-71.4568238369999 3.67310331600004
-71.465065458 3.67868260200004 
-71.5084271269999 3.70803538600006
-71.586899635 3.78370043500007 
-71.586784082 3.82390432800003 
-71.5677841089999 3.86224548300004 
-71.506915582 3.91400878300004 
-71.46958176 3.91615133700003
-71.4249036799999 3.89146527100007
-71.35947917 3.89321728
-71.3091888119999 3.87137448800007
-71.309368177 3.81582422800005
-71.3330370419999 3.72376539700002
-71.412765239 3.67297234500006
-71.4568238369999 3.67310331600004
-71.465065458 3.67868260200004
-71.5084271269999 3.70803538600006
-71.586899635 3.78370043500007
-71.586784082 3.82390432800003
-71.5677841089999 3.86224548300004
-71.506915582 3.91400878300004
-71.46958176 3.91615133700003
-71.4249036799999 3.89146527100007

